191.743245087 -6.06814322487607e-06 -8.97029651080715e-06  4.01602832847601e-07 1.51865674696676e-05 3.43612812343088e-06 -4.25065001164083e-06 0.999999999869747
193.04700514 0.0638054067273954  0.016575647629132 -0.177759604007353 -0.0382824925198431 -0.011765439645537 0.0158002899261754 0.999072758128588
193.179011511 0.0753378263282928  0.019651084246822 -0.218948973735986 -0.0390939609683677 -0.0250225189817275 0.0268783893539896 0.998560507903927
193.247615117 0.0801759021816277 0.0233944639019754 -0.231928607426531 -0.0468696225537681 -0.0200347824315411 0.0341817448536165 0.998114950440755
193.31121763 0.0834499006630196  0.024106468686033 -0.245189174543575 -0.0466967264786649 -0.0210520773261709 0.0417224858352732 0.997815343614316
193.347254721   0.08527022828395 0.0244848743628882 -0.250029679283203 -0.0490604842617544 -0.0233090772940276 0.0434443388219313 0.997578240151633
193.415817799 0.0861567605486058 0.0258541601640049 -0.262401577617119 -0.0494048709251349 -0.0293026645227656 0.0495108767932845 0.99712044691697
193.479749889 0.0869074894622115 0.0255286317899027 -0.271684234423704 -0.0512677143202634 -0.0345265141646138 0.0569079522017987 0.996464262411961
193.547279249 0.0849754497035197 0.0267533397606912 -0.280019329464581 -0.0524686307061769 -0.0361535346383686 0.0628924964673224 0.995984185925198
193.615219382 0.0823712430600363 0.0241534613854014 -0.289122606299941 -0.0520734877484351 -0.043931190300145 0.0662031218641252 0.99547754823902
193.679733452  0.081189197408981 0.0224328264167507 -0.297930040848267 -0.0511021639553629 -0.0483542584442757 0.0706865734034204 0.995014493798893
193.747167614 0.0799313340907909 0.0211178615183317 -0.303770610079139 -0.0512113771984741 -0.0521558916678505 0.0735408359071829 0.99460992517863
193.81555673 0.0795251486188046 0.0216415994796437 -0.309043761172872 -0.050930934538614 -0.0539674623725905 0.0776035036441308 0.994218914089971
193.947153363 0.0846942343868589 0.0223451468532384 -0.310099254352163 -0.0573340519737362 -0.0489661153386546 0.0819620637956248 0.993779324664825
194.015148767  0.083573865272644 0.0214911744546458 -0.308808404875872 -0.0566979109473994 -0.0501084825855508 0.0843064755314745 0.99356273332419
194.079232774 0.0794472901915403 0.0188556744529541 -0.304368659206845 -0.0542251905670587 -0.0510275880593462 0.0865143651333823 0.993464180829072
194.147736006 0.0781313792248182 0.0164110518623517 -0.301004325986016 -0.0462444642364837 -0.0614104847927312 0.0912046468524311 0.992860470699446
194.215222884 0.0773167286968601 0.0143855672429443 -0.297852923765973 -0.039514077424161 -0.0783211993124243 0.0930762176033537 0.991786895023439
194.27937276 0.0778988707002382  0.010900215235356  -0.29611320918883 -0.0318345553095214 -0.102902386880417 0.0947217037718536 0.989659263937399
194.34975201   0.077109869225376 0.00967604780384838  -0.293863424165841 -0.0273191592555119 -0.128418071939391 0.0943725171785521 0.98684157306952
194.415175701  0.0779623144520744 0.00931715909308248  -0.288449600139081 -0.0256548664739272 -0.142194562087664 0.0950352099950467 0.984931897747301
194.479220627  0.0805439310899371 0.00894924648173688  -0.286248631135612 -0.0221771911224833 -0.166002976155974 0.0916889440525827 0.981602934816211
194.61565047  0.0714329272825871 0.00276818961778474  -0.276362681194029 -0.0113024297561091 -0.222032270993424 0.0846376132602047 0.971293158701701
194.747397981   0.0670509050051137 0.000759018033951788   -0.269880962987959 -0.00468782962445466 -0.250814906714991 0.0827241251380725 0.964482569019836
194.815603929     0.063659717798841 -0.000943488912245605    -0.267187920753213 0.000444922678321495 -0.26391779215886 0.0848085932242571 0.960809400214801
194.883823057   0.0609707723003435 -0.00262868385790558   -0.264260913495002 0.00693284116903759 -0.284249742642212 0.0860820135174162 0.95485281927109
195.015357228   0.0509719217965878 -0.00653914294486144   -0.265176263211958 0.0143236951262596 -0.322094661300704 0.0843487610697188 0.942833573556605
195.084836602   0.0482782701134441 -0.00728205441389013   -0.264894706855881 0.0149839662161626 -0.332904287981111 0.0847068617495984 0.939028734050645
195.147376965  0.0433360055455451 -0.0094822712011265  -0.265445869020712 0.0192026957669995 -0.346715185453089 0.0858925629409669 0.933832053574379
195.284161229  0.0389412690074334 -0.0113897436535889  -0.265021570524265 0.0221562459741778 -0.356821624159061 0.0887536566529836 0.929682858682221
195.347402479  0.0374406391786802 -0.0122135496149287  -0.264463758484513 0.0256904480211851 -0.361911988798806 0.0908233009441329 0.927421609220841
195.416894322  0.0367531188591232 -0.0125755456746184   -0.26480705339898 0.027570036518582 -0.364986292764309 0.0921912560190473 0.92602682007281
195.483984238  0.0366459754012902 -0.0131050318440577  -0.264281290305284 0.0274636839712249 -0.363915894319475 0.0934893872237422 0.926321057949626
195.615389705  0.0338192959973831 -0.0141912121663852  -0.262644524353165 0.0281444346093024 -0.331306306836488 0.0980930063174111 0.937988157687773
195.683118914   0.030161161865788 -0.0152870753447729  -0.257219718633424 0.0267526744155493 -0.287253410315792 0.102434208488677 0.951985822165888
195.747998932  0.0275326836078557 -0.0160997095205578  -0.254192958708874 0.0284338676309281 -0.240744347857384 0.100400059714038 0.964962953773712
195.81562198  0.0273668801377151 -0.0163147853042108  -0.252181099345716 0.0291048215013139 -0.206146310028938 0.0972943357092945 0.97323708337985
195.883282497  0.0251520881691862 -0.0171428982027515  -0.250522453384934 0.0257767384787524 -0.17177158008197 0.090564121130863 0.980626444673677
195.947277992  0.0257500838077606 -0.0171833012360114  -0.250834361033479 0.0214098027183148 -0.14948166991673 0.0827175464657736 0.985065814153121
195.984392074  0.0254037830869477 -0.0178492366950047  -0.250248647508303 0.0167970207569477 -0.133187058045225 0.0774136704473463 0.987920134064904
196.053673827  0.0251231330036941 -0.0181308745785083  -0.249471571817986 0.0125116349018379 -0.112705234262641 0.0698760740021382 0.991089462886138
196.116297598  0.0246005561512611 -0.0186112691621444  -0.247547275859791 0.0100506280934198 -0.0859560304923728 0.0670958125390755 0.993986266321946
196.183277804  0.0240051724615127 -0.0187594279412332  -0.246725259152922 0.012306149711463 -0.0594884507328222 0.0659889934591195 0.995969445139227
196.251218202  0.0241100814379788 -0.0188167683091134  -0.246442041976689 0.00956428447766669 -0.0419415392486981 0.0653758445397316 0.996933012142038
196.315495629  0.0239832786725198 -0.0186358517919918  -0.245617986529604 0.00183322452732217 -0.00311408362816037 0.0665603861808182 0.997775854970669
196.383557914  0.0239564801563697 -0.0185546079754354  -0.245193230432909 0.000339046024659962 0.0288171151224519 0.0685251908180974 0.997233050569001
196.451619815   0.024015109352959 -0.0185392620767999  -0.245075170967963 -0.00346564170409539 0.0553778998758022 0.0702647291457868 0.995984008592002
196.515443144  0.0242108168598562 -0.0182120010400734  -0.244360200804486 -0.00987508071567832 0.0733324586700752 0.0661044401005228 0.9950653427214
196.583212096  0.0240718731559231 -0.0181651664089113  -0.243966177106112 -0.0131574969602476 0.0923154152800935 0.0665410717404907 0.993416846115986
196.65157792  0.0241323924050121 -0.0180202889192863  -0.243939977511489 -0.014069645655756 0.0943839472970647 0.0664140106556467 0.993218452684191
196.715536258    0.02398399397077 -0.0180768837577858  -0.243862103602796 -0.0151996060940985 0.0972468387379691 0.0698445106530171 0.992690167505298
196.785407614  0.0239635950956839 -0.0180652212511571  -0.244094535322173 -0.0173255893090626 0.0886186910502934 0.0688918413319707 0.993529297881807
196.851220461  0.0240636514675521 -0.0180270940558139  -0.244042398881635 -0.0318936792343704 0.0647281549847978 0.0596656494334955 0.995606884997708
196.91539003  0.0239596130265663 -0.0179654499613964  -0.243841655489577 -0.0525710560203551 0.0150460059542917 0.0480313333221529 0.997347929657963
196.983498188  0.0233842647878526 -0.0178965188221811  -0.243892539695347 -0.0575938408499338 -0.0386316569426767 0.0471461004176127 0.99647769156837
197.051484092  0.0235037355795121 -0.0179582658761955  -0.244259550579829 -0.0532370660537131 -0.100694589305705 0.0473606733524575 0.992362525039186
197.115414081  0.0236054450551004 -0.0179538503604629  -0.244257845409265 -0.0496231282053536 -0.151133922728957 0.0420853258844221 0.986369559492219
197.18317182  0.0235395904535831 -0.0180157379620062   -0.24428976499699 -0.0419665743668001 -0.198856794948468 0.0367936657491347 0.978438044997985
197.251316737  0.0236777292043377 -0.0179803246582321  -0.244394810048636 -0.0352134532988841 -0.235636684220418 0.0355954040562741 0.970550530867118
197.3152148  0.0237079682101026 -0.0180457859880068  -0.244317043884495 -0.0275055488690016 -0.253494893742062 0.0394152719751772 0.966141925372892
197.351233033  0.0235777083894366 -0.0181389110698914  -0.244723331189928 -0.0214376584239949 -0.258839056972474 0.043209550266914 0.964715348770106
197.420055931  0.0237180123406846 -0.0181013791508697   -0.24442860703362 -0.0104777256428617 -0.268110658083109 0.049614244382907 0.96205265918343
197.48332227  0.0237702389431892 -0.0181237104797998  -0.244516038362809 -0.0018764349693828 -0.273744943177535 0.0573622324786529 0.960088412262953
197.551386839  0.0237479916465441 -0.0181949061846867  -0.244621038000351 0.00598983114428008 -0.285983148518721 0.0642512715491894 0.956059378276524
197.619186795  0.0237953977742601 -0.0181614320676969  -0.244767596690896 0.0153559153205653 -0.29735934053611 0.069542884331407 0.95210577442817
197.684694231 0.0235888424670242 -0.018310153772848 -0.245041206674671 0.0211213086028795 -0.306154274469679 0.071661850394223 0.949045852287929
197.751159984  0.0235904165114437 -0.0183318938262099  -0.244976867126844 0.0255315778794002 -0.305475544740557 0.0794639023944157 0.948534827148007
197.819196637  0.0232729151197699 -0.0184638886430454  -0.245243393012674 0.0230283776371782 -0.276780689145975 0.0867749660527082 0.956729977164837
197.883266447  0.0233237867703915 -0.0180992641615449  -0.244915569122646 0.0172509860694564 -0.233978110980946 0.08914778384918 0.96799241716875
197.951334594  0.0232094529779704 -0.0184733330354468  -0.244414990752528 -0.000337306814139822 -0.153372640979453 0.0963690785968275 0.983458041765636
198.01921101  0.0227697471322568 -0.0187936737492272   -0.24411410406779 -0.00978402100474189 -0.0632781995841474 0.0978516352709989 0.993139063709186
198.083246324  0.0224931156915778 -0.0188569556871473  -0.243692826798012 -0.0137097469382588 0.0106445433151689 0.100450619688029 0.99479063603393
198.151338748  0.0223543003497071 -0.0189181613317804  -0.243414668744821 -0.0109189269910668 0.0704780612485768 0.103396820833704 0.99207999544265
198.2195631   0.022188266835788 -0.0189938148151693  -0.243272537241362 -0.00896037998564088 0.113359804808186 0.100322082199483 0.988435504252818
198.283524031  0.0222242423063346 -0.0188871894265539  -0.242878339093227 -0.00166179662033314 0.161865761740742 0.0986391291138584 0.98186915412174
198.351555512  0.0219688480338602 -0.0190797660447153  -0.242672392346139 0.00490217346944763 0.202445888916345 0.101923072442184 0.973962688227887
198.419478982  0.0220681910249946 -0.0189129605242931  -0.242426481732699 0.00731139536036075 0.225748845276431 0.102619714969264 0.968737940030156
198.483453758  0.0220088421134659 -0.0189134481377396  -0.242280563738538 0.00656352514139427 0.243762591670547 0.103837795853107 0.964237746197557
198.551408377  0.0218955294041202 -0.0188971817548053   -0.24191312463259 0.00421484432057618 0.253662220553715 0.102941090150748 0.961790437106591
198.619281785   0.022002433926073 -0.0188408163789617  -0.241694055690384 0.00174887190306251 0.266822683631267 0.101409874082526 0.958393778352845
198.687341105   0.021946813887439 -0.0187956087298581  -0.241560563048099 -0.000733072388222938 0.274427440443805 0.101347024945122 0.956251966309669
198.751184476  0.0218747189927987 -0.0187770542057636  -0.241348831067147 -0.00732579571502569 0.275366639996311 0.0980403036112557 0.956298930859016
198.819171884  0.0218041488435179 -0.0187748638228432  -0.241125206795856 -0.0120344595515393 0.278949990197045 0.0971726505526718 0.955300764543261
198.887296406  0.0213770161307473 -0.0188475698800254   -0.24089417285326 -0.013311505144082 0.282261578554275 0.100219523194912 0.953995415226631
198.953879091 0.0217936542208486 -0.018740146292649 -0.240971707047702 -0.0149046557727072 0.293634241050177 0.0991354416428967 0.95064659465516
199.01922557  0.0217456084604996 -0.0187268898702057  -0.240874623759398 -0.0175765156108233 0.301293335429556 0.0977080748596904 0.948349368235108
199.087286019  0.0216824177724862 -0.0186999847837842  -0.240758716264616 -0.0201262257345983 0.30458844890563 0.0970871757385747 0.947309290642739
199.151282062  0.0216866829871188 -0.0186506171111978  -0.240643509163362 -0.0229341432075191 0.308243008694218 0.0970910568769036 0.946062154058072
199.219501758   0.021627889410842 -0.0186512124108325  -0.240484245970878 -0.0256333932420087 0.310093467312485 0.0951574028489602 0.945584496152545
199.287472966   0.021532242827892 -0.0186034601904092  -0.240348614893231 -0.0261420226050938 0.313493694218428 0.0956988071613663 0.944394004982713
199.351665845  0.0214312917659002 -0.0185631470312361   -0.24016291962778 -0.0274547989911089 0.31500731947267 0.0958020181898493 0.943842463550858
199.419675079   0.021075410226016 -0.0185663146034031  -0.239761707504567 -0.0292351766538786 0.314805132229368 0.0953536486811967 0.943901856577923
199.551149417   0.020663809520938 -0.0183808578021432  -0.238541636801133 -0.0356776344905153 0.316194088752702 0.082783291108709 0.944402102575074
199.619466293  0.0211858635558797 -0.0180297323712228  -0.237920877320492 -0.0419250295502388 0.317058573816138 0.0781765092470389 0.944248159155651
199.751389687  0.0207615113223496 -0.0175526599110459  -0.235737910187349 -0.0578706456985128 0.327437486010653 0.0725850665956082 0.940301594824114
199.88730935  0.0215916412388997 -0.0171823386030866  -0.234475723649422 -0.0651382295464106 0.318766911455099 0.0768082352595515 0.94246759212678
199.987255677   0.021192860389889 -0.0168566842782066  -0.232872360040839 -0.0704561153664506 0.32342412488899 0.0712019523611884 0.940937326939056
200.058241523  0.0215756789869645 -0.0165023793154307  -0.232327810310834 -0.0755964587880367 0.318759260782918 0.0714601306842158 0.942109950486901
200.18788933   0.021212059359116 -0.0158946688563171  -0.231007493243034 -0.0840743640617549 0.326989931702585 0.0613710307926707 0.939277745106417
200.256471562  0.0214294422402026 -0.0155732679064254  -0.230854096673407 -0.092249439320928 0.328648201593278 0.0570686190157385 0.93820230934384
200.387245442  0.0206882712792829 -0.0148359729323866  -0.229848370504738 -0.0998204920022073 0.316868265789993 0.0531475884553195 0.941703618636492
200.519330701  0.0195864646432119 -0.0146282897103646  -0.229354723854751 -0.102575422026109 0.293356035026415 0.0481257346074202 0.949265206977609
200.720303798  0.0170513912131324 -0.0143809918528386  -0.228586947488118 -0.106569432814596 0.224406442703671 0.0495769739178761 0.967381428455088
200.787470715  0.0162825921869314 -0.0143039734397376  -0.228195790945081 -0.112204660619208 0.195614810749478 0.0458230269305126 0.973162478804901
200.924842496  0.0145037059345265 -0.0141413887871208   -0.22769018675041 -0.113438556375854 0.141261774327547 0.0465459762621299 0.982349366129485
200.987486869  0.0138141691892531 -0.0142823117294103  -0.227627649325658 -0.112432351578764 0.105851949787382 0.0522204759582556 0.986624220732175
201.05554931  0.0132986474995321 -0.0143585484833488  -0.227690840095031 -0.109250729842697 0.0729885454361158 0.0562412675958333 0.989734242149463
201.119399864  0.0129058085831192 -0.0144603960768253  -0.227730254158786 -0.104654263637659 0.0392320302894158 0.0634683704175289 0.991705651319167
201.187351242  0.0126570530214392 -0.0145511955400822  -0.227897169306937 -0.101535429726088 0.0156005291874667 0.0638883577935105 0.992655759937884
201.255302819  0.0124804452544523 -0.0145949735217292  -0.227978723324696 -0.0984550113454823 -0.00652898369689439 0.0674154777690351 0.992833891680788
201.355423861  0.0124842062144319 -0.0146250488623133  -0.228087253448003 -0.093769336484847 -0.0264761413630775 0.072506578202511 0.992597159773832
201.42326966  0.0124880932071794 -0.0146569266973851  -0.228179954483003 -0.0916447445890679 -0.0375224609090469 0.0727452798963666 0.9924220019575
201.487440523  0.0124714281135153 -0.0146813217906251  -0.228262386289127 -0.0884486524891146 -0.0429511462243011 0.0746542159018338 0.992350131233408
201.555423619  0.0124948481088308 -0.0147128312828531   -0.22833549149455 -0.0881112368083963 -0.0462587304485336 0.0752730167064684 0.992184717056906
201.623734368  0.0125211911508125 -0.0147125606565739  -0.228361657269114 -0.0891776801246461 -0.0465285435436872 0.0737047375169083 0.992194561399554
201.687565652  0.0125785980845335 -0.0146996951551482  -0.228373875300219 -0.0910195436774468 -0.04509408939648 0.0706286007383905 0.992317271102337
201.755666083   0.012640500875474 -0.0146914565345034  -0.228388913033645 -0.0911615805750936 -0.0437163770302148 0.0693608366525974 0.992455298210078
201.823381979  0.0127036685847938 -0.0146976842693806  -0.228444359205692 -0.0901006081180135 -0.0423701277726309 0.0685611168889079 0.992666120072726
201.887149631   0.012751551450064 -0.0146903166776991  -0.228491697188648 -0.0894191636589557 -0.040432599982131 0.0674439968776505 0.992885051410477
201.955308851  0.0127951216208327 -0.0146593076345043  -0.228501879849277 -0.090144030834124 -0.038552719090074 0.0662653150105809 0.992973639923179
202.023328198   0.012818684214193 -0.0146223525712256  -0.228488846103332 -0.0911764419296001 -0.0374808958848221 0.0652861393724904 0.99298527626877
202.087326791  0.0128260831895432 -0.0145992982931602   -0.22849135697836 -0.0916768498768463 -0.0383891799128405 0.0648015288222756 0.992936245649525
202.155165783  0.0128345083348267 -0.0145867100121439  -0.228508709415613 -0.0918307166212348 -0.0386183132370099 0.0638225460487365 0.992976549563692
202.223732295  0.0128487288042129 -0.0145890985063592  -0.228542949596683 -0.0906134028599744 -0.0395216013154473 0.0641280740270043 0.993033153713
202.287355486  0.0128779856009537 -0.0146017575649414  -0.228628491090371 -0.0886982505049433 -0.0400342857943967 0.0645788238787869 0.99315630785125
202.355326768  0.0129343219644534 -0.0146267984019299  -0.228739086179076 -0.0874292789431708 -0.0394465036284683 0.0644619157132792 0.993299932526697
202.423431532  0.0130199378585749 -0.0146908863905404  -0.228851922194323 -0.0872897758846229 -0.0347601858061074 0.0637238241372737 0.99353485029266
202.487353233   0.013066347847633 -0.0147088928744197  -0.228956993984484 -0.0854950959100858 -0.0291474067472361 0.0625502984121225 0.993945912725532
202.555399991  0.0131053230061138 -0.0147338059741105  -0.229061159020423 -0.0845579757293035 -0.0269873639414542 0.0615330968838775 0.994150546404282
202.62345316  0.0131177773405612 -0.0147329011854174  -0.229097192954968 -0.0842960017006524 -0.0264093399427963 0.0612926103382403 0.994203171780796
202.691292904  0.0131366918636257 -0.0147339066001851  -0.229109294265238 -0.084558512633465 -0.0266035197284702 0.0610193414408928 0.99419251186548
202.755425668  0.0131567991953589 -0.0147427687613438  -0.229134460193598 -0.0840875481285286 -0.0263166567894671 0.0609635444357127 0.994243513468905
202.824087657   0.013200164594788 -0.0147444252320324  -0.229163295890694 -0.0840222462277239 -0.0256653594440783 0.0606548326071609 0.994284940419421
202.894319806 0.0132529152317979 -0.014743497382353 -0.229187519743645 -0.083349940618049 -0.0246189259896849 0.0612786424781831 0.99432973598204
202.957085777  0.0133076336285568 -0.0147551416641886  -0.229220699743649 -0.0827280448229141 -0.0243385383792958 0.0621639642615887 0.994333619916686
203.023309437  0.0133568989411098 -0.0147791862644667  -0.229259192977247 -0.082318173751504 -0.0235717817329489 0.0627553101729754 0.994348963101609
203.091785748  0.0134450641775436 -0.0148087306909893  -0.229322336916755 -0.0813789200637926 -0.0221628713186705 0.0625734942522044 0.994470128420775
203.155635982 0.0136503493087429 -0.014883269598514 -0.229391297226061 -0.0835869863461065 -0.0111395973961016 0.061224188602418 0.994555540838924
203.223446653  0.0137677452079188 -0.0148693183041164  -0.229386021231277 -0.0839121061278665 0.00219328265188194 0.0592702822507497 0.99470648012281
203.291406468  0.0138519883574187 -0.0149308004476927  -0.229402727719579 -0.0882462088226261 0.0186463169594234 0.0548085073357395 0.994414877712472
203.355277022  0.0140179309170392 -0.0148719859576606   -0.22929310907523 -0.0926128229892517 0.0400439941950384 0.0486950656793832 0.993704248821222
203.423262984  0.0141553793460487 -0.0148986316365287  -0.229272506028709 -0.0953755520391999 0.0593349548791655 0.04536760726284 0.992635203593924
203.491777239  0.0143663834824621 -0.0148506204428799   -0.22921705473275 -0.0984418023952978 0.0860109403361126 0.0374043463313799 0.990712998077236
203.5562221  0.0147381997230387 -0.0149120777997247  -0.229237086479828 -0.101674755474433 0.114738982053195 0.0322392030382153 0.987652693958798
203.623743313  0.0150572437802578 -0.0149498097846483  -0.229322948690128 -0.102119834234934 0.143096625094105 0.023241180016768 0.984151788543787
203.691675768  0.0153061867925626 -0.0150101509145356  -0.229484049223687 -0.0965896715716883 0.172407380747616 0.0187152929635775 0.980099927669984
203.755672767  0.0155600868283615 -0.0151333198327519  -0.229841448956405 -0.0897974906051299 0.185091622079059 0.0190678834085869 0.978424201427725
203.823887797  0.0153023347556423 -0.0153514717307078  -0.230378135157411 -0.078010428252011 0.138034950165514 0.0337152344812073 0.986774548000008
203.891371914  0.0154460869554217 -0.0150133782034238  -0.231463996207516 -0.0551516903497166 -0.00269638169157712 0.0461166500185492 0.997408780374631
203.955399309  0.0160418637393298 -0.0150634359593642  -0.232275243696108 -0.0449627233827019 -0.114415127014151 0.0543026167024086 0.990928230517033
203.99145919   0.015901455190908 -0.0151387758644083    -0.2326728686196 -0.041737860065862 -0.145898930675122 0.0570158759256791 0.986772842632693
204.059874109  0.0163726955325192 -0.0154723750212931  -0.233424808467659 -0.0261626877337066 -0.181314291740043 0.0698773621640523 0.980590534136624
204.12418326  0.0164774741597582 -0.0148729214251608  -0.234441799534486 0.00209906814513797 -0.202196654545901 0.0783788314598341 0.976201242358541
204.191812083   0.017054920972368 -0.0144073614914542  -0.235655235367932 0.0320443570387203 -0.218133206189392 0.0878859194019062 0.971425307839153
204.25966852  0.0177357480726568 -0.0139309096652469  -0.236818486872915 0.0567836368263067 -0.235591268672332 0.0957681335575553 0.965453695062089
204.323788619  0.0183069210172162 -0.0135145512182622  -0.238032925618652 0.0799458294023807 -0.25163962375552 0.101149664695494 0.9591949277646
204.391437348  0.0188219420210248 -0.0130481415233796  -0.239194744355778 0.102822881201101 -0.264283460432463 0.103498266087853 0.953346640294156
204.459440172  0.0192530904877317 -0.0127132096936637  -0.240256459450129 0.119503204308782 -0.276015676867295 0.103337473797829 0.948080005480817
204.523443675  0.0196708344261017 -0.0125286670135813  -0.241079499741624 0.125511013098689 -0.281950847108295 0.1037035407449 0.945513765654856
204.591464328 0.0199158507825191 -0.012399339286278 -0.241461024583512 0.1238576706012 -0.282438891321573 0.104298502584908 0.945520688541944
204.659568385  0.0201214878320521 -0.0122976900395054  -0.241651086352749 0.119726320768366 -0.281234463497814 0.105096820173806 0.946323117674783
204.723337324 0.0200760386484642 -0.012312567840431 -0.241510247589989 0.1100841182864 -0.277983335307518 0.100901198047222 0.948907635349748
204.791927222 0.0201648476823422 -0.012317476026131 -0.241209196328756 0.0959823383460494 -0.266716021104513 0.0967653441573102 0.954089316040128
204.859322438 0.0198368705214827 -0.012441803663069 -0.240934618775917 0.0822975707491803 -0.256284572097595 0.0917471827496143 0.958711521997647
204.923584874  0.0197023524225535 -0.0124603006967727  -0.240743891790789 0.0688417185724398 -0.255687575880051 0.0875645367157881 0.960321369768644
204.991396072  0.0195875920278812 -0.0125797731915401  -0.240446619795821 0.0528815464506705 -0.259412799013523 0.0777956129061832 0.961174481749025
205.059396534  0.0194775307737228 -0.0126072555720867   -0.24017255812875 0.0363788434674987 -0.262824005209936 0.0692079207342897 0.961670622271998
205.123336477  0.0192145932085527 -0.0127910764099292  -0.239849453628899 0.0227681369148775 -0.271062533828965 0.0647406127429199 0.960112164154438
205.19148514  0.0190959304466412 -0.0128890872818466  -0.239646171105968 0.0148451337476662 -0.278322367755613 0.0626572044825432 0.958326852559896
205.259387904  0.0190928119558513 -0.0129051402899395  -0.239603804060635 0.0122106215693807 -0.284924597933263 0.0627321341560511 0.956417039558416
205.323375909  0.0191010942488107 -0.0128889607130964  -0.239662568483419 0.0116239051121252 -0.289918972575107 0.0638124448465506 0.954850693068631
205.359356088  0.0191264279298249 -0.0128821753053618  -0.239715565387191 0.0119164558502202 -0.28976469908631 0.0639117132289622 0.954887276151237
205.429030408  0.0191552605940098 -0.0128646200394881  -0.239801160406176 0.0125650261737811 -0.289317181949004 0.0640462561289241 0.955005636330073
205.49139736  0.0192049832973594 -0.0128527226153902  -0.239889895177493 0.014067587694938 -0.288697234273004 0.0632655567391771 0.955224308332889
205.559317316  0.0192762833130683 -0.0128411985207333   -0.23995801503358 0.0136769013026217 -0.286962954436769 0.0614748624834188 0.955869262208135
205.627487091  0.0192909950310577 -0.0128253174117512  -0.240013369736625 0.013086929989216 -0.279986508370803 0.0594334736478486 0.95807303980643
205.692242456  0.0193231546752326 -0.0128012879065948  -0.240070553305922 0.0133082157275862 -0.275482537162865 0.0586263820760667 0.95942441621898
205.759542618  0.0193395279902683 -0.0127806573628662  -0.240095567687002 0.0133820931058199 -0.273997222678743 0.0584050358158729 0.959862122046593
205.827823019  0.0193617281497911 -0.0127844772534081   -0.24010926613247 0.011587220560047 -0.26811449721434 0.0556891502257446 0.961706333165343
205.891998294   0.019364620732576 -0.0127767409263249  -0.240044226974008 0.0110037126214469 -0.261415040956115 0.0547070045843353 0.963612078753617
205.959727511  0.0193655182908147 -0.0127767611105076  -0.239982781550892 0.0112155010042642 -0.255671201026978 0.0557965032817459 0.965087146181202
206.027411341  0.0193680848398495 -0.0127724969575071  -0.239980072147619 0.0115056800661503 -0.254116670467787 0.0577740559760371 0.965377902985489
206.09153803  0.0194065136012983 -0.0127842874349398  -0.239934554930774 0.0112576895751279 -0.247338528295759 0.0569611230490702 0.967187855231292
206.159428997  0.0194542145273611 -0.0127701156827696  -0.239984630957504 0.0111042045009507 -0.239920065637404 0.0559628444062528 0.969114657196406
206.227252584  0.0194838225989337 -0.0127613714163387  -0.239996981572211 0.00964131194512774 -0.23445368464826 0.055372463761708 0.970501110311467
206.291363183  0.0194795763574941 -0.0127589596611628  -0.239952859670092 0.0075681066743218 -0.232438813018151 0.0554653896963141 0.970998719108278
206.359433571  0.0194791777614963 -0.0127554021569044  -0.239890680429078 0.00642204067992577 -0.232034138880145 0.0551714129018371 0.971120502814182
206.427421275  0.0194769710642623 -0.0127632391397557  -0.239840511676409 0.00617746849231308 -0.231374243733298 0.0548699478266499 0.971296600964593
206.491773537  0.0194635650051569 -0.0127929616800105   -0.23981682614119 0.00633639524213179 -0.227042321141425 0.0544611201574099 0.972340280404576
206.559572517  0.0195814998341603 -0.0127505794146461  -0.239902220941476 0.00585937007961772 -0.216508700213431 0.0528727391065429 0.974830305219084
206.627801679  0.0195688633116538 -0.0126884647658027  -0.239692672736454 -0.0107403025540257 -0.164368197188262 0.0493954237412332 0.985102955922655
206.69535983 0.0194193766554781 -0.012820679278008 -0.239415169749202 -0.0256498514151501 -0.10652629457396 0.0534013442945487 0.992543465100777
206.759288091  0.0191729020203554 -0.0129924945463594  -0.239142780144806 -0.0333333912627369 -0.0661753752705492 0.0574276046660664 0.995596190710393
206.827595363  0.0190768191819766 -0.0130331225050921  -0.239016472333497 -0.0342314523804751 -0.0477770523519578 0.0567594874309601 0.996656370833527
206.895531242  0.0190168878464198 -0.0130414624462614  -0.238962754062682 -0.0343570153309586 -0.0350525248604985 0.0540216759167983 0.997332730100438
206.959711354  0.0189947122987743 -0.0130139587771034  -0.238938408368071 -0.033660239744001 -0.0324752256178336 0.0538495966540273 0.997453040960649
207.028165959  0.0189956408757148 -0.0130269156048668   -0.23892880125449 -0.0332892331374973 -0.0322256963068348 0.0543932090907734 0.997444088788672
207.095484768  0.0190058305606631 -0.0130527416424642  -0.238924332353088 -0.0270891561184863 -0.0412967414765167 0.0567512485347511 0.997166010528817
207.1594278   0.019172233641643 -0.0130572908292004  -0.239115411855346 -0.00465660962536085 -0.0787969417318632 0.0674854527536631 0.994592917543221
207.227278701  0.0192122002943346 -0.0129929866815652  -0.239309591252064 0.00629601835747384 -0.110182352619175 0.0720823229205923 0.991274103387412
207.295606686  0.0192183749661551 -0.0129729936150192   -0.23941557529178 0.00583977019676762 -0.127788118602319 0.0729312447598525 0.989099149411173
207.359338475   0.019229494716646 -0.0129636940769147  -0.239485700107581 0.00774593434133602 -0.132302804573346 0.0744940663643964 0.988375739524045
207.427354377  0.0192252606840691 -0.0129518273575649  -0.239537581854357 0.00779470072398989 -0.132265793664983 0.0738417294047853 0.988429259717308
207.495490014  0.0192379271443237 -0.0129354992380673   -0.23959626827677 0.00809064913868272 -0.133071924995283 0.0735728666155583 0.988338726081567
207.559688071  0.0192347024346951 -0.0129161943863542  -0.239640559039898 0.00695571881408892 -0.141238403027955 0.0729102896937865 0.987262589761539
207.628355633  0.0192482808131098 -0.0129141812689952   -0.23970938918359 0.00458642641587007 -0.148491675011949 0.0694851731382107 0.986458817112418
207.69536239  0.0192572984949884 -0.0129138326060073   -0.23972438945217 0.00167355502394386 -0.140477159269474 0.0666656917851486 0.987835539184518
207.759505179   0.019258618211867 -0.0129075309721698  -0.239716724711148 8.01688681602541e-06 -0.132772991224936 0.0648266787560522 0.98902418294922
207.827534174 0.0192584607487625 -0.012899754892118 -0.239721431322586 0.000172912815507945 -0.134378923218185 0.0643706531813605 0.988837041228171
207.895437807  0.0192603198388873 -0.0128892858153711  -0.239738123746916 -0.000880840437919728 -0.13438976399943 0.0624331239880372 0.988959412959599
207.95953806  0.0192525999511737 -0.0128876919258501  -0.239721552274728 -0.00106315222850008 -0.132926333493958 0.0613601119541953 0.989224138520771
207.995614964  0.0192807058216505 -0.0128790518988678  -0.239776358094388 -0.00140691461230691 -0.130952397150922 0.0604837859735941 0.989540904614863
208.063425732  0.0192756925532066 -0.0128662789138673  -0.239799009433713 -0.00451865382879961 -0.122032929830703 0.0572394416201064 0.990863861550884
208.127398297  0.0192421835640339 -0.0128677091428829  -0.239761243040433 -0.00767789838159285 -0.11053432512296 0.0557086280009922 0.992280082241048
208.195454237 0.0192372789425769 -0.012858243197246 -0.239718064568811 -0.0102200326704525 -0.0997908378683547 0.0545853250253561 0.993457488723913
208.263386025   0.019219910708697 -0.0128583190502345  -0.239667690119503 -0.012567762549326 -0.0939816275794157 0.053588717673991 0.994051182968003
208.327384232  0.0191851060508351 -0.0128598334038356  -0.239664742184155 -0.0118742227213171 -0.0967244372404743 0.055202443698307 0.993708245052346
208.395348474  0.0191962010298133 -0.0128523642858814  -0.239698667410352 -0.0101902275398845 -0.101670219054285 0.0578147859859578 0.993084475934216
208.463399837  0.0192568619967408 -0.0128138597734839  -0.239785788070903 -0.0102336923769351 -0.101526738311372 0.0588505195386242 0.993037869015186
208.527540104 0.0193063207971495 -0.012781543231822 -0.239923673180531 -0.00808265868434574 -0.103956320680574 0.0618373010070216 0.992624753984766
208.59549808  0.0193273399056044 -0.0127717879926532   -0.23992412483583 -0.00918342501648275 -0.102406257387106 0.0632548216034428 0.992686985256102
208.663406533  0.0193779624904509 -0.0127915211373506  -0.239893896527136 -0.00903303871633353 -0.101912889995168 0.0664114094827173 0.992532967590952
208.727564547  0.0195106830636738 -0.0127938326073226  -0.240023232677351 -0.00904753070892514 -0.101073024052555 0.0692340957021397 0.992425828961162
208.79551399  0.0197033177907458 -0.0127322773219142  -0.240222030258915 -0.0108095381422126 -0.0964754275281663 0.0690971722725603 0.992875232117483
208.865231644 0.0197737579825739 -0.012683912696232 -0.240424844187219 -0.0105394916962017 -0.0969979260373129 0.0703696106076069 0.992737850271752
208.927539311  0.0197356947846884 -0.0126525182335171  -0.240666672567582 -0.00918983700821091 -0.097449861922696 0.0701463573055105 0.99272280112012
208.99554041  0.0197387574893712 -0.0125673008854729  -0.240930719765412 0.00564361044664801 -0.104207225275233 0.0809154149464277 0.991242502864769
209.063563652  0.0196237076857899 -0.0126233954847195  -0.241427726390786 0.0446600075882387 -0.115231886238731 0.108846176489769 0.986346595259314
209.127489082  0.0197711562086755 -0.0127140861498396  -0.241966297192105 0.0939809157191504 -0.139829700131234 0.14169776204201 0.975467573358584
209.195381911  0.0198863833866872 -0.0127218557145807   -0.24201883323114 0.111780898307686 -0.149585195142404 0.151466470772377 0.970663282709044
209.263466051  0.0199461686401385 -0.0127117440230623  -0.242127359702074 0.118337460375672 -0.151540763759012 0.146699742377961 0.970314808697369
209.327477943  0.0198138576977478 -0.0127547824735636  -0.242132652034045 0.107371251432198 -0.122262348357703 0.131971350702364 0.97780718709454
209.363548303  0.0199034585394102 -0.0127966128186353  -0.241891429953362 0.0991136201489501 -0.109247590860711 0.122851573652203 0.981401520807502
209.431583065  0.0199592671943749 -0.0128065921497475  -0.241632324146706 0.0890211123909309 -0.103576757868564 0.110147018996569 0.984487039520728
209.495370358  0.0198357854745669 -0.0127900538566243   -0.24159585452623 0.072369409219053 -0.089678590063007 0.0886811367649587 0.989371555622897
209.56349004  0.0198532876105482 -0.0127886394880941  -0.241409230204633 0.0510758496807722 -0.0610290027680397 0.0629028653970185 0.994841669777342
209.631329617  0.0199136103345755 -0.0127496930279044   -0.24124208219913 0.0387608463611394 -0.0468473852211904 0.0445806868845363 0.99715369008203
209.695335999  0.0199721324932716 -0.0127242010830109  -0.241110062944962 0.0251075716005098 -0.0326092523447922 0.0241385057583297 0.998861141024915
209.763394644   0.019989920282842 -0.0127166389052318  -0.241112846464555 0.0228013010964028 -0.0298746792069276 0.0189555408795536 0.999113753123516
209.831370728  0.0199827551310561 -0.0127110040419497  -0.241076107550929 0.0165560449260784 -0.025372753264206 0.011629654095213 0.999473297249019
209.895458329  0.0199795366952228 -0.0127055452581312  -0.241064941105623 0.0153265162364234 -0.0275554887847987 0.0119341132248433 0.999431523356864
209.963417918  0.0199626852094891 -0.0127045885644985   -0.24104561662003 0.013319951618915 -0.0292593902116565 0.0116158499419599 0.999415598739302
210.031584062  0.0199546041197436 -0.0127049404058183  -0.241010608788902 0.0130006990150305 -0.0311016906639232 0.0125450893893455 0.999352934350613
210.095449173  0.0199362729263529 -0.0127047847387095  -0.240992119385083 0.0140229054282981 -0.0329484675364317 0.0144406607302828 0.999254333955086
210.163471273  0.0199156986671548 -0.0127055731256898  -0.240981923070102 0.0128227124784504 -0.0331526933696651 0.0144266812189652 0.999263902998622
210.231465538  0.0199191565649482 -0.0127020328162421   -0.24096372742951 0.0120072994963214 -0.0325623171892512 0.0140854332956097 0.999298314232015
210.295673735  0.0199150439038006 -0.0127107821887193  -0.240978100931186 0.0126066391764603 -0.0333512191466451 0.0152719851328173 0.999247484510324
210.36341859  0.0199140706491976 -0.0127188400188173  -0.241009530289112 0.0129095812160633 -0.0333695444728908 0.0157500527420093 0.999235583860544
210.431514812  0.0199159537344979 -0.0127249701482544  -0.241051360378895 0.0129132586047759 -0.0346838456707604 0.0160061756688776 0.99918670975056
210.495419453   0.019910589798604 -0.0127427016997773  -0.241068247327698 0.0120304598466222 -0.0339636093801543 0.0142800513897545 0.999248628423406
210.563537979  0.0199459020824171 -0.0127403649910955  -0.241188492685997 0.0076766321877273 -0.0256127096630094 0.00782303316158754 0.999611853958388
210.631758825 0.0201039386450994 -0.012682666764811  -0.24146463361762 0.00442429301201868 -0.0101133472849323 0.003409220698095 0.999933259298974
210.699438456  0.0202570716783377 -0.0125474654543944  -0.241862853738997 -0.00712416049880085 0.0169235485355922 -0.00484468363954008 0.999819668181509
210.763448464  0.0203227802583245 -0.0123599410674102  -0.242327397435582 -0.0123871086608229 0.0299495572483253 -0.00347541550959998 0.999468611336389
210.831442428  0.0207505257200523 -0.0122311570464253  -0.243144261980913 -0.00911577737125449 0.0303283387325901 -0.00301254164194548 0.999493881454756
210.900806867  0.0210783537699562 -0.0120074007733296  -0.243858356059173 -0.00999853696813676 0.0288851694063958 0.00543219069642622 0.999517967597931
210.963599134  0.0213392475532405 -0.0118959738987515  -0.244613666530991 -0.0283877801769184 0.033368295837891 0.0176520310400713 0.998883925473657
211.031406082  0.0215712023903166 -0.0117765697721565  -0.245271293633404 -0.0443577053343242 0.0303365430438832 0.0296568956711121 0.998114500782737
211.099609068  0.0218538161312793 -0.0116847082464045  -0.245901798574119 -0.0604934374588312 0.0385432451268724 0.0329754373285221 0.996878920838683
211.163582584  0.0221790000917971 -0.0114747661684777  -0.246330229381541 -0.0763717121039856 0.0392725733055319 0.0364135359728518 0.995640035843387
211.299582709  0.0222779702035453 -0.0114610644854102  -0.246726165408329 -0.110728185640151 0.0417567990935032 0.0297497360167379 0.992527375864887
211.363679551  0.0223389845735517 -0.0114473843732651  -0.246829538164674 -0.119883591849081 0.0410019380646087 0.0277347527444502 0.991553099420557
211.43161487  0.0223828604226638 -0.0114555945316095  -0.246933291186013 -0.119360897742196 0.0377554658611194 0.0293108813671888 0.991699739397599
211.499525873   0.022432856597825 -0.0114376717935464  -0.247004402781086 -0.123337128510186 0.0423512658855766 0.0290065256685298 0.991036298264293
211.563676379  0.0224587929497753 -0.0114451071560019  -0.247041777212278 -0.120908187429097 0.045169977755572 0.0315155900950144 0.991134527147115
211.63172562  0.0224773873179696 -0.0114452684128287  -0.247052185673476 -0.120644084524378 0.0500341486891928 0.0318368957599878 0.990922802695846
211.700444234  0.0225007313879608 -0.0114428387007752  -0.247056840780744 -0.118448903571931 0.0503058782610723 0.0328785469846504 0.991139837259692
211.763364448  0.0225061506454552 -0.0114539344882802  -0.247053294254182 -0.119459499014228 0.0519664492178835 0.0322240380875888 0.990954351935691
211.833092727  0.022502928073872 -0.011454818741928 -0.247007898989292 -0.120483248081722 0.052694406764696 0.0317199733478668 0.990808220453487
211.899441354  0.0225014681101408 -0.0114595935765035  -0.247002058267651 -0.120136507507984 0.053477106381234 0.0315745557336756 0.990813032860941
211.963787228  0.0225073231491776 -0.0114575959623414  -0.247007359740664 -0.118323857564314 0.0537311003107708 0.0320368620464665 0.991002559563147
211.999438505  0.0225117436878084 -0.0114572411924869  -0.247014819085701 -0.118360907273584 0.054439826980336 0.0321991922453867 0.990954193132291
212.068642777  0.0225068084070204 -0.0114611442244597  -0.247019377295471 -0.119245505943413 0.0554484516558946 0.0316797562870349 0.99080894806358
212.131384913  0.0225189786035795 -0.0114526911488711  -0.247038145176974 -0.119839402860145 0.0555960516110764 0.0308999331144141 0.990753647836286
212.199509433  0.0225487815320616 -0.0114336689082644  -0.247090091168564 -0.11990759781481 0.0556597995326612 0.030615947611772 0.990750633839868
212.267627975  0.0225663382329592 -0.0114248493501917  -0.247128308200263 -0.11999373917705 0.056069847951098 0.0318972797474062 0.99067665676232
212.334220766   0.022587676526681 -0.0114303059267905  -0.247170304111054 -0.119718468127977 0.056237310898993 0.0334877514099296 0.990647981756107
212.399605692  0.0226106989811626 -0.0114321298590761  -0.247186675251871 -0.119404422738683 0.0564665668673342 0.0347778856712003 0.990628391136101
212.467560501  0.0226063041777834 -0.0114325428009781  -0.247173744086989 -0.120289353770017 0.0578745470952988 0.0341930587046397 0.990460419655691
212.531612138  0.0226117977529083 -0.0114335700238817  -0.247152634222819 -0.12048375773033 0.0588179564710199 0.0338119376278972 0.990394297738835
212.599436486  0.0226080602068157 -0.0114373730225653  -0.247133267365399 -0.121275890451623 0.0605798443927115 0.0330525677332227 0.990217031066807
212.667532294  0.0225842317102987 -0.0114311618356894   -0.24709318449507 -0.122882316927592 0.0630084676428205 0.0321662449223441 0.98989656120193
212.731626547  0.0225772723979474 -0.0114298269835201  -0.247060496172724 -0.121970203661395 0.0625161898211301 0.0320485971033112 0.990044384284238
212.79961871  0.0225731139157989 -0.0114316585891696   -0.24706772398517 -0.121548264260337 0.0628341032495408 0.0326104825206252 0.990057802026678
212.867497758  0.0225739196462409 -0.0114257919451302  -0.247053839437559 -0.12101114515769 0.0638209085674486 0.0338195951275117 0.990019913619247
212.931911821   0.022568151172016 -0.0114248587587789  -0.247038798262904 -0.120844790250679 0.0656611934025473 0.0339365377773934 0.989915883170841
212.999718788  0.0225645713528849 -0.0114324175335944   -0.24699179447547 -0.12081864737087 0.0671107667589323 0.0332091334990854 0.9898465299655
213.067823572  0.0225176186087039 -0.0114341793116991  -0.246920442964118 -0.121023500863819 0.0694627045401899 0.0312346347913201 0.989723518214092
213.131518184  0.0223238438022841 -0.0114311205872636  -0.246693843594198 -0.120734149124044 0.0734357463520012 0.029772914023878 0.989517069071345
213.199555678  0.0222257297239319 -0.0114179388930761   -0.24624194386269 -0.116652976924111 0.079742390381172 0.0321803239569668 0.989443106449817
213.267610247  0.0221795981658739 -0.0114307451697871  -0.245156404690403 -0.0942720349061247 0.109181485634522 0.0454082406307348 0.988499002686456
213.331528478  0.0220211167530028 -0.0115130087387819  -0.243348123714071 -0.061684938965403 0.230284052520804 0.051534735690738 0.969798120474935
213.368038545  0.0224102361941987 -0.0110506319801597  -0.242539336467853 -0.0372505347719549 0.290879385659828 0.0493911055622247 0.954757612878109
213.43545586  0.0225556058893883 -0.0108318132958628  -0.241195855351089 -0.0484121098624353 0.296548378674722 0.021367402463752 0.953550607380653
213.499445556  0.0224680090949048 -0.0106907870591123  -0.239932377485434 -0.0461537775401189 0.302295179337797 -0.06510816124142 0.949867559561683
213.635889403  0.0214688099217913 -0.0111418666268061  -0.241883173714461 -0.1302379236525 0.183317066413398 -0.214778680287278 0.950422566492572
213.699759496  0.0209714129705492 -0.0113224145720247  -0.244373109911527 -0.105816796256745 0.156996541226711 -0.299262226359153 0.935198915497324
213.767430562  0.0204337194606129 -0.0115493832583755  -0.246296175937779 -0.0765604524025149 0.146551662020269 -0.340861874055674 0.925458961976312
213.835471753  0.0198038053535834 -0.0118765451289769   -0.24902187437497 -0.0629959493867067 0.127111094447719 -0.375773901722603 0.915788324239473
214.035510441  0.0199916386982129 -0.0116903090045221   -0.25977631937211 -0.113380564348536 0.0275175381313878 -0.560131918415719 0.820146247138351
214.099719383  0.0199546400564475 -0.0117573542579987  -0.260070984862549 -0.0406915500409367 0.0666018468192185 -0.558523823119685 0.825808410445974
214.167566348  0.0199719720173876 -0.0117203748148073  -0.260229378121873 0.044639484067213 0.134040296347574 -0.549787874301851 0.823270191788771
214.236390172  0.0199335227006357 -0.0116819609800632  -0.260360514975312 0.12778361670585 0.19971853649207 -0.547480622025639 0.802526524165686
214.299879522   0.019911257678934 -0.0116825382383566  -0.260524593497249 0.171020395055296 0.240180889410616 -0.52397667204753 0.799070467472707
214.367770839  0.0198606523602333 -0.0116527562021371  -0.260813065977684 0.195532528032371 0.261711162946744 -0.499648523630824 0.802262831311454
214.435832933  0.0197863840656829 -0.0115913487529371  -0.261032295542316 0.216477388038701 0.280493800440805 -0.481739101968901 0.801491238889367
214.499408241  0.0197538170270593 -0.0116338265070861  -0.261001240830148 0.245572406482336 0.286062561174038 -0.45135943639211 0.808787403121995
214.567672552  0.0196689913546045 -0.0116637911143899  -0.261004467212959 0.2646606708488 0.272972773074423 -0.415022483160263 0.82655727746927
214.70345409   0.019693057139282 -0.0116084334756225  -0.261206053864344 0.31380326281589 0.27329217597205 -0.324658670710546 0.849373678854616
214.767476843  0.0197268945997612 -0.0115846235295057  -0.261286533791219 0.332641687063857 0.281915280371505 -0.280212919008729 0.855192377620951
214.83556393  0.0197123079590327 -0.0116001504265382  -0.261199140549039 0.333283771642985 0.282874573607241 -0.279740256287384 0.85478025958618
214.90353968   0.019714701368337 -0.0116125807757153  -0.261199607821287 0.332965492802081 0.282669432736363 -0.280423314748149 0.854748347143901
214.96765816    0.01972436432714 -0.0116112526965736  -0.261183001143459 0.333154872427065 0.282726863215112 -0.279994892333445 0.854796006110132
215.03594513  0.0197295470717918 -0.0115984376985415  -0.261201921061839 0.333370140350676 0.282893107404555 -0.279338399443072 0.854871860516036
215.10359585  0.0197416806654209 -0.0116146650817864  -0.261140196462992 0.333723648276466 0.28312811372634 -0.279779978304404 0.85451165090875
215.167580517  0.0197282783543337 -0.0116100700301345  -0.261170456514868 0.333511895391402 0.283108618261608 -0.279915698171997 0.854556333903928
215.235487626  0.0197389333028122 -0.0116192695399405  -0.261155506472104 0.333721514883455 0.282524773086817 -0.281317261830071 0.854207411166963
215.303484601 0.0197582708494213 -0.011634172973424 -0.261075348989267 0.333699474691555 0.28345621144447 -0.279525151480787 0.854495714719373
215.367561849 0.0197355285231901 -0.011594505506751 -0.261163959125241 0.334090918986797 0.283199650811563 -0.2806626476225 0.854054854128407
215.435459738  0.0197251453439721 -0.0115695153629435  -0.261206849700266 0.334133188113256 0.283250298179647 -0.280704992190358 0.854007604498826
215.50346447  0.0197367337420402 -0.0115880629346194  -0.261241979976678 0.333875225718852 0.282792893919447 -0.281144291444592 0.854115566061155
215.567417921  0.0197229141857649 -0.0115684790098137  -0.261272563539779 0.33413850323696 0.282971498302755 -0.281011290734189 0.853997216788651
215.635620543  0.0197626809778902 -0.0116019723550295  -0.261215160666417 0.334259199851266 0.28279552674542 -0.280236324005686 0.854262886982311
215.704451632  0.0197465135208682 -0.0116354543512927  -0.261165214785588 0.33410135558307 0.282846565237544 -0.280196197494956 0.85432089734493
215.767818806  0.0197472362752696 -0.0116140441658954  -0.261197320588864 0.334387691259854 0.282664483327467 -0.279188470124838 0.85459900535191
215.835638513  0.0197390379459905 -0.0116228442861375  -0.261164415336953 0.334611473014536 0.282674532044348 -0.278873124148301 0.854611052870437
215.903919214  0.0197541636336505 -0.0116088102843179  -0.261255573920061 0.334671281984426 0.281770656362842 -0.279283138291478 0.854752220759805
215.967801067  0.0197558803127627 -0.0116181346253525   -0.26122157171794 0.334707138893303 0.282092075450532 -0.278474817160047 0.854895881584155
216.003956737 0.0197523426076903 -0.011592177593253   -0.2612783238286 0.33479491295014 0.281694686610147 -0.279134086700449 0.854777533303389
216.072031265  0.0197439624500863 -0.0115971491192827  -0.261256915260877 0.334713642144576 0.281992101706756 -0.278868149913975 0.854798097389597
216.135482263   0.019739308690863 -0.0115908788137123  -0.261260138608268 0.334842469200184 0.282153925732787 -0.278594584471158 0.854783446562253
216.203563625  0.0197354216220816 -0.0115817691250071  -0.261263416306801 0.334867159882493 0.282006119697082 -0.279081243467644 0.854663789586397
216.271565339  0.0197511186961129 -0.0115721463942475  -0.261248527631396 0.335008637205032 0.282032806384744 -0.278673400379299 0.854732616109747
216.335522933  0.0197466671863939 -0.0115749314221804  -0.261237849987499 0.335047352235914 0.282143380869897 -0.278699663117544 0.85467238294517
216.403439777  0.0197505659515968 -0.0115778956400479   -0.26122456254629 0.335095422517876 0.281935061117394 -0.279227455958143 0.854550002609234
216.471598692  0.0197452983264376 -0.0115814324595431  -0.261263562980093 0.334831098542944 0.281984939237365 -0.278854570301279 0.854758888876808
216.53546053  0.0197494181764765 -0.0115758285118065  -0.261257188116855 0.334839296965046 0.28213191113768 -0.278356658279756 0.854869464138871
216.603689586  0.0197501493876363 -0.0115658292192966  -0.261251491908154 0.335008621061795 0.282180336352091 -0.278583674492635 0.854713178731133
216.671771794 0.0197468565231804  -0.01158351071152  -0.26131230222977 0.334791831556118 0.281783063098514 -0.279063490671369 0.854772661617362
216.735712821  0.0197377058777266 -0.0115796028898811  -0.261267586360472 0.334832115159589 0.282119301401145 -0.278996566037469 0.854667812997533
216.803673352  0.0197419605147561 -0.0115886620754555  -0.261271699038376 0.334654521648949 0.282141995864071 -0.278666636043601 0.854837499917905
216.872477641  0.0197225350992767 -0.0115687592182662  -0.261291344713509 0.334921033752798 0.282674789707377 -0.277940097504357 0.854793639782793
216.935483377   0.019725671013887 -0.0115885666486419  -0.261274969447693 0.334682654182584 0.28244018773573 -0.278367490927893 0.854825480045849
217.003689153 0.0197195550289646 -0.011584067669092 -0.261260100744462 0.334857161050701 0.28278560210634 -0.278118823244577 0.854723876518886
217.071633917  0.0197223979137565 -0.0115915627639142  -0.261247076406411 0.334597196301185 0.282588040820682 -0.278279618498794 0.854838680302126
217.135505692  0.0197229897867307 -0.0115940740829162  -0.261211595710562 0.334819528534685 0.283027911434551 -0.277444117564999 0.854877679138592
217.203619912   0.019731710325659 -0.0115838969858102  -0.261225847447364 0.335001913429079 0.282765885448976 -0.277246599063164 0.854957013734037
217.271523436  0.0197369743060339 -0.0115769524458624  -0.261228929117884 0.335064814941283 0.282387989473806 -0.278141417891664 0.854766602554476
217.335709524  0.0197423012299221 -0.0115870097139592  -0.261203950884933 0.334938230256424 0.282354392146643 -0.278038444809861 0.854860808761233
217.37152102  0.0197599264825419 -0.0115947247238578  -0.261188878882307 0.335160435772935 0.282387433465024 -0.277379047665637 0.854977007661398
217.439549169  0.0197246530571026 -0.0116084268891206  -0.261193606110426 0.334604220932606 0.282627918263965 -0.277843659170194 0.854964546756635
217.503709877  0.0197527307119523 -0.0115942664386297  -0.261162701694047 0.335047355530228 0.282670748002579 -0.277092866763982 0.855020503242105
217.571528068  0.0197480621581614 -0.0115947122929541  -0.261150079589116 0.334945200325979 0.282651528280965 -0.277678959519776 0.854876728996081
217.639532188  0.0197371216632736 -0.0116119426851927  -0.261167741425879 0.334713380826422 0.282511394276303 -0.27790805895034 0.854939398770615
217.703655837   0.019739203605268 -0.0115877504304979  -0.261190205309759 0.335020775085125 0.282423390071581 -0.278115240695175 0.854780686430679
217.771732633 0.0197495090169432 -0.011590947449779  -0.26115152595765 0.335059038675738 0.282667498643283 -0.277514840287409 0.854880131499553
217.83981494 0.0197825348726959 -0.011586742272546 -0.261092113565919 0.335401588240867 0.282552878396883 -0.277141326665497 0.854904866385277
217.9039185  0.0197825953978254 -0.0115829733664826  -0.261096035342183 0.335421411818172 0.28244284770228 -0.277351373348945 0.854865328561865
217.971491598  0.0197899472155595 -0.0115968719034806  -0.261130009040686 0.335234011806586 0.282347848551827 -0.277250014762181 0.85500308716436
218.039553495 0.0197892488314761 -0.011596012134731 -0.261138012006024 0.335043298176068 0.282283319684598 -0.276976324221579 0.855187834101871
218.103614345  0.0197847475775582 -0.0115840384691183   -0.26114171029258 0.335247679349834 0.282323650494067 -0.277371190771788 0.85496641594398
218.172230517  0.0197995148534423 -0.0115725551730001  -0.261147381964893 0.335389237050695 0.282377154039114 -0.276433910699718 0.855196758391064
218.23963017  0.0197808153543926 -0.0115581368145488  -0.261188379895278 0.335362129724449 0.282248711364421 -0.276933139371008 0.855088266319872
218.303915948  0.0197859000022852 -0.0115565739695434  -0.261169867372838 0.335444494786506 0.282494828693859 -0.276568740707315 0.855092623253308
218.371831631 0.0198043087510811 -0.011567271841113 -0.261132411982901 0.335590935699639 0.282370412551363 -0.276686419594062 0.855038185816302
218.440061419  0.019781067225878  -0.01157070987127 -0.261163091055872 0.335309910965031 0.282531662712119 -0.276763697444312 0.855070160250433
218.504053298  0.0197785577029616 -0.0115636840471336   -0.26115842925322 0.33539795865807 0.282724588188159 -0.276459848409802 0.855070154302596
218.571865861  0.0197821980936955 -0.0115689694648062  -0.261172465677323 0.335239652475593 0.282380319134378 -0.27708033257574 0.855045156745144
218.639586871  0.0197956820532617 -0.0115641089231292  -0.261147080302036 0.335452217719858 0.282427272460006 -0.276778522965832 0.855044030809223
218.707884449  0.0197780610783852 -0.0115599500511312   -0.26114466175073 0.335444091489285 0.282640412597812 -0.276866822379431 0.85494819803131
218.771651147  0.0197832724162219 -0.0115592535965733  -0.261155231038613 0.335454013577277 0.282389162232218 -0.277120223915741 0.854945230599933
218.839673605 0.0197862088743653 -0.011556749916277 -0.261165677445197 0.335532409183603 0.282312480201015 -0.277158357517692 0.854927430118074
218.907699258  0.0197889337560723 -0.0115762048153298  -0.261138544290494 0.335263717050243 0.28256478870432 -0.27647386140448 0.855171084739325
218.971629076  0.0197826870387518 -0.0115694925899576  -0.261141179753051 0.335275163191454 0.282775546748436 -0.276064756724274 0.855229095156868
219.039630674  0.0197838752817954 -0.0115675810187356   -0.26115042736675 0.335230384313351 0.282800264591971 -0.27578280325977 0.855329436653514
219.107578059  0.0197731039890213 -0.0115598551839797   -0.26118025369083 0.335288779795493 0.282606733364242 -0.276641498985931 0.855093181728903
219.171636564  0.0197590883670871 -0.0115787291245619  -0.261178897820037 0.335112643541721 0.283006837564596 -0.276135312938749 0.855193507329414
219.239505587 0.0197892477910168 -0.011574930226156 -0.261140937599001 0.335526304877418 0.282652104116244 -0.276141564098925 0.855146609272916
219.307682993  0.0197805234784988 -0.0115788144692399   -0.26116396522318 0.335274005144295 0.282607950944019 -0.276468203881999 0.85515461746984
219.371631776   0.019785351049431 -0.0115894764585148  -0.261151529838686 0.33509589921334 0.282651312357849 -0.276306767060692 0.855262266459393
219.439703652 0.0197869779489845 -0.011565256907484 -0.261201633040807 0.335459107332433 0.282430249307883 -0.276571757636299 0.855107247344789
219.507825517  0.0197698985992142 -0.0115637869204493  -0.261192821857122 0.335347007217131 0.282761123691797 -0.27641607949511 0.855092207118986
219.571699967  0.0197652330667856 -0.0115631532645203  -0.261211061638781 0.335287792836238 0.28275519457348 -0.276440162997884 0.855109602447792
219.639680496  0.0197806617806531 -0.0115569401384298  -0.261182819221716 0.335551949918362 0.28273066350186 -0.276262069000492 0.855071651999615
219.707578837  0.0197722273436612 -0.0115513149455883   -0.26123028565674 0.335398126069291 0.282673796823568 -0.276128457349612 0.855193952656519
219.771526417  0.0197630422621245 -0.0115939856253525  -0.261188316991162 0.334972820667034 0.282892381617792 -0.276478818582939 0.85517517077612
219.83948264  0.0197764526828853 -0.0115492145326582   -0.26124178588982 0.335397401817405 0.282542734807613 -0.27629863078247 0.855182584299576
219.907611114  0.0197656702327432 -0.0115593972943953  -0.261238410908255 0.335388078435122 0.282435123790698 -0.277236937363376 0.854918076925681
219.971637097  0.0197731951897499 -0.0116305678998729  -0.261125702057727 0.334850890448761 0.283198513663313 -0.275692561991239 0.855375411317902
220.007726578  0.0198050958108497 -0.0116086456460898  -0.261071770219533 0.335169202654834 0.283043765915862 -0.277021929505408 0.854872319554792
220.075600468  0.0197786164110203 -0.0116511030967749  -0.261101723297508 0.333269068337141 0.283098943817242 -0.279374100628113 0.854831461749911
220.140261318  0.0197864011269928 -0.0116292755706374  -0.261067592088427 0.333457381728092 0.283380665182858 -0.279797516962017 0.85452613925699
220.20765621  0.0197671634206873 -0.0116603326028445  -0.261107165818105 0.332308695167735 0.283329437659914 -0.280449088881053 0.854776970570114
220.27673773  0.0198095192114751 -0.0116022865923494  -0.261045068327346 0.333553804277426 0.283205259914562 -0.280914270849199 0.854180199280014
220.339524621  0.0198056878919693 -0.0116623910732203  -0.261008858654557 0.33245299985565 0.283369648047263 -0.281441388442215 0.854381290949344
220.407626004  0.0198058948899263 -0.0116261816522261  -0.260981172680598 0.333081606697118 0.283408266273145 -0.281688671702833 0.854042089198425
220.475710027  0.0197958095140878 -0.0116637632650033  -0.260998791540674 0.332470280838895 0.283175984745588 -0.282529003626877 0.854079759818647
220.540109104  0.0198058596147003 -0.0115551512953851   -0.26103104135968 0.334157341627131 0.283311113042724 -0.281877048313963 0.853591830968988
220.607793699  0.0198045621062628 -0.0115915568035933  -0.261002909507885 0.333577492921001 0.283162630858246 -0.282444828626729 0.853680209143912
220.675848184  0.0198130791342065 -0.0115572935539386  -0.261023545400967 0.333958564115984 0.283458975824709 -0.281594490163055 0.85371378669189
220.739543394   0.019813524490374 -0.0115318670882935  -0.261029667977413 0.334233686921935 0.283541513395395 -0.281369922099695 0.853652751208377
220.80753894  0.0198170608482255 -0.0115234199744685   -0.26102009046608 0.33441573588123 0.283395620356947 -0.281811626697296 0.853484179710286
220.875634699  0.0198209820760837 -0.0115214458973187  -0.261017094046485 0.334344058619887 0.28336471466974 -0.281719636320885 0.853552889665864
220.939727946  0.0198011192145203 -0.0115234369761501  -0.261003074369586 0.334274424461258 0.283792846177943 -0.281578425456952 0.853484516512456
221.007656357  0.0197883135668051 -0.0115236526782114  -0.261047657971501 0.33415024877572 0.283619092579828 -0.281775425787875 0.853525881850914
221.076352667  0.0198051857606915 -0.0114492434238303  -0.261099301578535 0.335092354355079 0.283192845047085 -0.281513363092055 0.853384528197874
221.139546811  0.0198324648991059 -0.0114303636026852  -0.261074490301185 0.335351920366216 0.28308919426798 -0.281282346346113 0.853393132869853
221.207538982    0.01982867055924 -0.0114339817206105  -0.261090033567263 0.335206864344642 0.283159702330954 -0.281219272291568 0.853447515646908
221.275605842  0.0198632250271847 -0.0114124613596333  -0.261115657358563 0.335685433190567 0.282936715280894 -0.280275628126042 0.853643764909152
221.339585043  0.0199029699602547 -0.0113857587284749  -0.261098860638369 0.33604357636964 0.282358089069418 -0.280620631205228 0.853581094952171
221.375597374  0.0199224185378794 -0.0113712208071535  -0.261113956371291 0.336368881979852 0.281975834412095 -0.280267516942406 0.853695333822416
221.443616601  0.0198968577869518 -0.0113833082068108  -0.261100559681874 0.335946011986509 0.282503917895435 -0.280204510216674 0.853707939437325
221.507814118  0.0199174499489935 -0.0113892956150164  -0.261076114818321 0.33607461900632 0.282405229414838 -0.280275088136682 0.853666803752427
221.575868199  0.0199254919787518 -0.0113615088048978  -0.261052381862455 0.336658491466032 0.28268580607078 -0.279543100165976 0.853583885930097
221.644032469 0.0199417660160343 -0.011383490740271 -0.261032199808331 0.336481560923898 0.282367218618992 -0.279979010663323 0.853616229107424
221.707910795  0.0199285139841216 -0.0113894084044551  -0.261107633223893 0.336198209046877 0.281986765780186 -0.280479107798521 0.853689462420059
221.776073884  0.0199180891785428 -0.0113744486929644   -0.26109874217307 0.336288408880344 0.282141309658835 -0.280370873826254 0.85363842494737
221.843748297  0.0199392906384835 -0.0113319107521724  -0.261088939027732 0.336868113756747 0.282049005302655 -0.279972835999011 0.853570995081502
221.90779197  0.0199331721816992 -0.0113449825480533   -0.26107759180462 0.336871261684876 0.282128395517459 -0.280048690418791 0.85351863042836
221.975823539  0.0199359229356321 -0.0113308629317597  -0.261071581708806 0.336939722867488 0.282365875700554 -0.279623694123617 0.853552414956751
222.043665405  0.0199357413279462 -0.0113391149447524  -0.261098626567189 0.336749949533605 0.282002276195325 -0.280278755068872 0.853532663210269
222.107794894  0.0199451471526722 -0.0113557014553257  -0.261078087746756 0.336852643157652 0.282005063992517 -0.280193487344877 0.853519214973978
222.17563735  0.0199625447716337 -0.0113287579825006  -0.261111097524736 0.337207577144661 0.281815417842194 -0.279991337920852 0.853508037965636
222.243661633  0.0199528142306968 -0.0113629699322419  -0.261074252201453 0.336876698137859 0.281889897245519 -0.280141660559324 0.853564775574595
222.307680203  0.0199574711276393 -0.0113505686207637  -0.261091783781359 0.337082894436238 0.281893836847348 -0.280165666211186 0.853474186195699
222.375786597  0.0199400086768936 -0.0113424716417263  -0.261104524888228 0.336758776268543 0.28204478471838 -0.280324176208937 0.853500218073819
222.444071798  0.0199478870749579 -0.0113339286657828  -0.261122477695711 0.336842990642145 0.281841536005172 -0.280224640151006 0.853566810091478
222.507675199  0.0199380196775655 -0.0113488050133701  -0.261077238677702 0.336994378805946 0.282125869070885 -0.279604545625643 0.853616471677808
222.576036062  0.0199512310636398 -0.0113561230822571  -0.261057884686307 0.33737119783814 0.281524211301943 -0.278448268114033 0.854044117891092
222.644718971  0.0199433136267511 -0.0113315405606935   -0.26108168475213 0.337785191754452 0.280895331229751 -0.278214499049121 0.854163725314757
222.712203776  0.0199407467608466 -0.0113413435648802  -0.261081322011477 0.337608593556392 0.280825243280241 -0.277939970850223 0.854345944507988
222.7757014  0.0199428514884951 -0.0113484045887636  -0.261074439226154 0.337525882316221 0.280671871953643 -0.27805753796071 0.854390768117214
222.843760034  0.0199323803731659 -0.0113644185637739  -0.261082215606854 0.337208166765299 0.280491559765296 -0.27861760179672 0.85439298284587
222.911672214  0.019920840403266 -0.011356374475484 -0.261112027221788 0.337151765501338 0.280552689851276 -0.278731654182043 0.854357969585048
222.976096955  0.0199457335737074 -0.0113133671443915  -0.261131365751037 0.337841941880805 0.280236785361383 -0.27830996051392 0.854326478762812
223.043627314  0.0199458315126431 -0.0113159778911901  -0.261117357800386 0.337688315421011 0.280366971209057 -0.278328858473972 0.854338346104022
223.11182404  0.0199538797968148 -0.0113121707194559  -0.261125672058666 0.337992816944554 0.280183582501182 -0.278572660259277 0.854198623709239
223.175832525  0.0199484067256943 -0.0113240360228257   -0.26110224209751 0.337796324853137 0.280300592508386 -0.278571865157507 0.854238220110661
223.243844932  0.0199458951012756 -0.0113128104196801  -0.261099477181712 0.337875312373404 0.280484127318564 -0.278578274859489 0.85414464371512
223.312135259  0.0199255600810578 -0.0114007754474442    -0.2610555094901 0.337036655683726 0.280866124582674 -0.278578073003985 0.85435049600783
223.376109683  0.0199491510266896 -0.0113470619104904  -0.261065936996832 0.337428142621461 0.280468396876231 -0.278512339432396 0.854348057705174
223.444120565  0.0199396466975212 -0.0113838448592215    -0.2610351418624 0.337208062670935 0.280660889568493 -0.278977607728341 0.854219925969015
223.511911678  0.0199337840388461 -0.0113719273599431  -0.261037471087966 0.337554043950417 0.280798630200552 -0.278824012708209 0.854088149213831
223.575653661  0.0199273780004366 -0.0113828755112925  -0.261046450528452 0.337294416213254 0.281019928736986 -0.27827229862157 0.854297842829939
223.64366838   0.019928432513531 -0.0113698073605304   -0.26103717927619 0.337280938455042 0.280868487563569 -0.278550186936872 0.85426240383507
223.711715935  0.0199189785420671 -0.0113800704859931  -0.261067973010313 0.336958696890614 0.280679633478883 -0.27895751269852 0.854318726266137
223.776067039  0.0199309234534841 -0.0113900436824171  -0.261064598452712 0.336891346807037 0.280557366386153 -0.278649231567021 0.854486038715739
223.843924692  0.0199399824543599 -0.0113965130540394  -0.261053241599994 0.336765273218878 0.2804569944059 -0.278340751091075 0.854669205789398
223.911982557  0.0199283756488439 -0.0113733380454572  -0.261091030950569 0.336885261536961 0.280582500061826 -0.278343672476579 0.854579768781405
223.976123841   0.019927661169323 -0.0113786973817172  -0.261083758451413 0.336814853854001 0.280605772947999 -0.278406089711196 0.85457954786157
224.012512598  0.0199270931803534 -0.0113518340226519  -0.261116837067148 0.337190989551141 0.280424488596671 -0.278842224240562 0.854348498413495
224.080682681  0.0199384019933182 -0.0113348661270571  -0.261139168681245 0.337703262905429 0.280101054880887 -0.279675242234116 0.853979896811939
224.143901404  0.0199392840165754 -0.0113298846646835  -0.261154244309272 0.337692899948524 0.279764011625459 -0.279873212268778 0.854029617857567
224.211774276  0.0199604860838129 -0.0112923143988113  -0.261145652813001 0.338266771204347 0.279813947561822 -0.279643956362648 0.853861232237828
224.279825791  0.0199794313492157 -0.0112719376839744  -0.261145689349995 0.33848883413314 0.279702807066947 -0.279147111006612 0.853972212254427
224.344111547  0.0199885843205193 -0.0112699684914886  -0.261138412721128 0.338565683703675 0.279645411272733 -0.279026353330841 0.85400000932041
224.41208497   0.019946580113084 -0.0113028747620127  -0.261125314752574 0.337888002415002 0.280315853635286 -0.278917782012117 0.854084065477259
224.480097267   0.019941626274103 -0.0113100506397073  -0.261121462856314 0.33774674182953 0.280342779531754 -0.279120341598861 0.854064926837347
224.54412785  0.0199248108572006 -0.0113398911209982  -0.261094894827592 0.337141421414563 0.280639303025048 -0.278918454615273 0.85427263753395
224.612073055  0.0199062052839827 -0.0113372907579219  -0.261093376219625 0.33706066189563 0.280900288642232 -0.278831661171642 0.854247061903905
224.681048514   0.019899300805607 -0.0113333604013405  -0.261107979520956 0.337189168732002 0.280913042084627 -0.278872858596828 0.854178702622944
224.743746261   0.019907565990691 -0.0113467018089206  -0.261112457766153 0.336952381644756 0.280645455924294 -0.279090353789641 0.854289058220077
224.811604372  0.0199132807169222 -0.0113285723740092  -0.261100944357936 0.337430686730723 0.28082192977242 -0.278856061219424 0.854118769570436
224.879668381  0.0199032230725277 -0.0113332965575237  -0.261107121856049 0.337182054184269 0.28092532180101 -0.278825028339314 0.8541930867659
224.943803776  0.0199213549178046 -0.0113359018150891  -0.261108988747736 0.33724365501228 0.280365659144994 -0.279286715144687 0.854201817528997
225.0116592  0.0199160945931978 -0.0113572547693355  -0.261101209212424 0.336860921900434 0.280359813557729 -0.279559806586025 0.854265420568953
225.079863708  0.0199042308676215 -0.0113613949800635  -0.261106969886847 0.336672386713705 0.28067329241325 -0.27909690127013 0.854388159241346
225.143853734    0.01990918710719 -0.0113194538178294  -0.261120654025744 0.337285066377189 0.280667339228074 -0.279027089698854 0.854171242728152
225.211812671  0.0199152990288949 -0.0113299948302132   -0.26110497415877 0.337246356287868 0.280668780824877 -0.278890256873229 0.854230738888515
225.279874193  0.0199130370035608 -0.0113462270911313  -0.261094128174755 0.337013436320642 0.280762605236732 -0.278992062610963 0.854258586284104
225.344018553 0.0199151558516336 -0.011342105992143 -0.261110369503007 0.336910595096484 0.280432582613352 -0.27927448079349 0.854315270785947
225.379695697  0.0199250334624419 -0.0113406753414599  -0.261092238212615 0.337126012794403 0.280506968804063 -0.278933519021465 0.854317261862364
225.447697178  0.0199104649675784 -0.0113420637845529  -0.261107110965114 0.337031808992185 0.280573058620104 -0.279439048761271 0.854167510814718
225.512707744  0.0199286679983163 -0.0113467568336971  -0.261086341129262 0.337081169454995 0.280452599851854 -0.279113491354323 0.854294026304286
225.579668221   0.019932538683639 -0.0113278743150302  -0.261079405936233 0.337336111262077 0.280327527811414 -0.279132367387868 0.854228275501441
225.649423693 0.0199379940567995 -0.011317833152799 -0.261092651612591 0.337529342518935 0.280171228274996 -0.279279930070582 0.854154989709354
225.711817038  0.0199459506955583 -0.0113067202502666  -0.261065815848608 0.337933995740824 0.280249086986276 -0.279210638461972 0.85399208610833
225.780027275  0.0199459440502468 -0.0112899442559373  -0.261092972961929 0.337986901672335 0.280331459947062 -0.279087634037431 0.853984320341582
225.847890151  0.0199091165664683 -0.0113459059548556   -0.26111596006187 0.336881233800782 0.280686460161603 -0.278892996933448 0.85436809494286
225.912000495  0.0199330430857832 -0.0113053907395752  -0.261103449561512 0.337603718880181 0.28035217391857 -0.279201267802737 0.854091938631169
225.980003045  0.0199347314448773 -0.0112879008205788   -0.26112275162826 0.337783427396245 0.280301467882287 -0.279216176412436 0.854032651664502
226.047999161  0.0199183134345187 -0.0113413791655899  -0.261104539895276 0.337118065984683 0.280496538023537 -0.27959376184678 0.854107973314805
226.111885344   0.019919180249066 -0.0113502270945616  -0.261110479496042 0.336870971475202 0.2804111433913 -0.279246064319511 0.854347221451209
226.180974256 0.0199164371025775 -0.011336072891219  -0.26112657333089 0.336974708100898 0.280381266753251 -0.279165186354405 0.854342548444046
